session_id
ses-('PDB_control_fly16_210528_1413',)
ses-PDB_control_fly16_210528_1413
